100
-4 -11
-22 9
4 -16
-24 24
9 12
-15 -5
14 10
-21 14
19 0
-14 -12
-29 7
29 -19
15 2
-23 -5
30 -8
29 -12
-9 -5
-4 -10
-14 -17
22 5
23 -27
18 21
-24 -20
24 -18
25 -15
21 12
-5 -24
13 -4
29 30
5 6
-24 -27
-13 -18
21 -30
-15 -10
12 -13
4 -11
29 20
-16 24
-10 16
-12 23
-14 -2
-16 26
21 -23
27 17
11 19
-8 14
23 23
-28 -14
12 -16
18 16
22 6
3 -30
2 12
-29 -24
-24 -14
27 0
-9 -9
21 14
9 -8
24 24
-22 4
14 -12
12 25
-28 -26
-7 -3
-10 3
26 -26
24 4
29 -18
16 27
-27 24
24 1
6 -10
-23 25
30 4
-10 -3
-8 28
24 -19
18 -10
20 6
-4 -1
-21 19
22 14
-22 24
19 -14
-24 -29
21 -10
4 30
6 -15
-26 10
15 30
7 -19
-30 -30
29 -3
8 -1
-26 -22
-9 -14
-3 -15
-1 13
-20 -13
